Linear Regression Weights: Stand alone call
  [ 293.84004142  322.42321396  519.89251576  116.33934386 -268.343819 -21.22955727  183.30627919  607.00380606   36.77470132  297.66143423 232.27640325]


Linear Regression Weights: Cross-Validation
  [ 289.14324312  350.18769186  544.4967044   107.31008435 -282.16061479 -16.49867867  171.85066097  586.72136616    6.08836561  303.73422096 240.99750074]
  [ 286.76304954  373.82168391  555.83222415  109.71209406 -276.31813475 -17.7015134   179.54579785  575.332768    -16.71608283  298.82983087 240.42634646]
  [ 289.47728917  383.13135492  550.01880464   95.98520387 -275.47902713 -13.30126908  180.96959832  583.00677073  -25.30457571  293.0608603 243.88141867]
  [ 291.284782    392.38657931  550.29007639   99.25197624 -278.36356869 -15.4051091   172.70206067  581.40122732  -32.93662733  297.57954092 245.55640122]
  [ 298.79649203  391.58639851  553.25208197  107.14161069 -276.13241578 -18.9775106   177.2025638   575.73301351  -30.47290632  290.86563397 245.2299175 ]



Logistic Regression Weights: Stand alone call
  [ 1.95903906  0.49440088  6.25377967  2.09032524 -6.07407663  0.32582123 4.69399712  8.18677918 -0.97965097 -0.19168719 -1.2148194 ]

Logistic Regression Weights: Cross-Validation
  [ 1.88271483  0.77701757  6.22048066  2.32132131 -5.8214488   0.40164348 4.65881784  8.09944942 -0.64454472  0.17596381 -0.79419107]
  [ 1.87960175  0.96552291  6.25892393  2.33852489 -5.70333046  0.3167591 4.66449347  8.09046492 -0.39834346  0.31198441 -0.5366886 ]
  [ 1.93416518  1.05125638  6.31478909  2.31296698 -5.60630886  0.45633513 4.86118493  8.06418021 -0.25580389  0.36806814 -0.42604463]
  [ 1.87256185  1.1512644   6.2850174   2.32406039 -5.53405939  0.45577245 4.79603866  8.08141826 -0.12847715  0.44475556 -0.2735346 ]
  [ 2.05225831  1.19554605  6.33899988  2.25624485 -5.50997484  0.39181438 4.88040922  8.10551127 -0.05275157  0.5484736  -0.22050887]

